43

1 2 3 3
4 5 6 6
7 8 9 9
7 8 9 9

1 1 2 3
1 1 2 3
4 5 5 6
7 8 8 9

1 2 2 3
1 5 5 3
4 4 5 6
7 8 9 9

1 2 2 3
1 5 5 3
4 4 5 6
7 7 9 9

1 2 2 3
1 5 5 3
4 5 5 6
7 8 9 9

1 2 2 3
1 5 2 3
4 4 5 6
7 8 9 9

1 2 2 3
1 5 5 3
4 5 9 6
7 8 9 9

1 1 3 3
4 1 3 3
7 7 9 9
7 7 9 9

1 1 2 3
4 4 2 3
7 7 9 9
7 7 9 9

1 1 2 3
4 2 2 3
7 7 9 9
7 7 9 9

1 2 2 3
4 1 2 3
7 7 9 9
7 7 9 9

1 1 3 3
4 1 3 3
7 7 8 9
7 7 8 9

1 1 3 3
4 4 3 3
7 7 8 9
7 7 8 9

1 2 2 3
1 1 2 3
4 4 5 6
7 7 8 9

1 2 2 3
4 5 6 6
7 7 9 9
7 7 9 9

1 1 3 3
4 1 3 3
4 7 8 9
7 7 8 9

1 1 3 3
4 2 3 3
7 4 6 9
7 7 8 9

1 1 3 3
4 4 3 3
7 8 8 9
7 8 8 9

1 2 3 3
4 4 3 3
7 5 5 9
7 8 8 9

1 2 2 3
1 2 2 3
4 4 5 6
7 7 8 9

1 2 3 3
4 4 6 6
7 5 6 6
7 8 8 9

1 2 3 3
4 4 6 3
7 5 6 6
7 8 8 9

1 2 3 3
4 4 3 6
7 5 6 6
7 8 8 9

1 2 3 3
1 1 3 6
7 5 6 6
7 8 8 9

1 2 3 3
4 1 6 6
7 8 9 9
7 8 9 9

1 1 3 3
4 1 3 3
7 7 6 9
7 7 8 9

1 1 3 3
4 1 3 3
7 7 8 6
7 7 8 9

1 1 3 3
4 5 3 3
7 7 8 9
7 7 8 9

1 1 3 3
4 1 3 3
4 8 8 9
7 7 8 9

1 2 3 3
4 2 3 3
4 8 8 9
7 7 8 9

1 2 2 3
1 2 2 3
4 5 5 6
7 8 8 9

1 2 3 3
4 5 6 6
7 7 8 9
7 7 8 9

1 2 3 3
4 5 5 6
7 7 8 9
7 7 8 9

1 2 3 3
4 4 5 6
7 7 8 9
7 7 8 9

1 2 2 3
4 4 5 6
7 7 8 9
7 7 8 9

1 1 2 3
1 1 5 6
7 7 8 9
7 7 8 9

1 1 3 3
1 1 3 3
7 7 9 9
7 7 9 9

1 2 2 3
4 5 5 6
7 8 8 9
7 8 8 9

1 1 2 3
4 5 6 3
4 5 6 6
7 8 8 9

1 1 3 3
4 4 6 6
7 7 6 6
7 7 9 9

1 1 3 3
4 5 5 6
4 5 5 6
7 7 8 9

1 2 3 3
4 2 3 6
7 7 5 6
7 7 8 9

1 2 3 3
4 2 3 3
7 7 5 6
7 7 8 9